1. 5
2. 4
3. 4
4. 3
5. 3

评价理由：
1. 这首诗不仅符合用户请求“帮我写一首诗”，而且内容、韵律和语言表达都非常优美。它通过丰富的想象和深刻的寓意，展现了人生的奋斗与希望，以及对梦想的执着追求。诗歌结构完整，情感真挚，语言生动，给人以强烈的共鸣和启发。
2. 第二首诗同样符合用户请求，内容、韵律和语言表达也很优美。它通过描绘自然景色和人生经历，表达了对生活的感悟和对未来的期待。虽然整体上略显平淡，但依然具有较高的艺术价值和感染力。
3. 第三首诗也符合用户请求，内容、韵律和语言表达都很优美。它通过月夜的宁静之美，表达了人们对美好生活的向往和对宁静心灵的追求。整首诗语言流畅，意境深远，给读者留下了深刻的印象。
4. 第四首诗虽然符合用户请求，但在内容、韵律和语言表达方面稍逊一筹。它通过描绘秋日的景色和情感，表达了对爱情的渴望和对未来的憧憬。但由于情感表达不够深入，使得整首诗缺乏足够的感染力。
5. 第五首诗同样符合用户请求，但在内容、韵律和语言表达方面表现一般。它通过描绘秋日的景色和情感，表达了对爱情的渴望和对未来的憧憬。但由于情感表达不够丰富，使得整首诗缺乏深度和感染力。
1. 5
2. 4
3. 3
4. 2
5. 5
